LU simple

Etapa 0

A = [

4.000000                -1.000000               0.000000                3.000000

0.000000                15.750000               3.000000                7.250000

0.000000                -1.300000               -4.000000               1.100000

0.000000                8.500000                -2.000000               19.500000

]
=====================

L = [

1.000000                0.000000                0.000000                0.000000

0.250000                1.000000                0.000000                0.000000

0.000000                0.000000                1.000000                0.000000

3.500000                0.000000                0.000000                1.000000

]
=====================

U = [

4.000000                -1.000000               0.000000                3.000000

0.000000                15.750000               3.000000                7.250000

0.000000                0.000000                0.000000                0.000000

0.000000                0.000000                0.000000                0.000000

]
=====================

Etapa 1

A = [

4.000000                -1.000000               0.000000                3.000000

0.000000                15.750000               3.000000                7.250000

0.000000                0.000000                -3.752381               1.698413

0.000000                0.000000                -3.619048               15.587302

]
=====================

L = [

1.000000                0.000000                0.000000                0.000000

0.250000                1.000000                0.000000                0.000000

0.000000                -0.082540               1.000000                0.000000

3.500000                0.539683                0.000000                1.000000

]
=====================

U = [

4.000000                -1.000000               0.000000                3.000000

0.000000                15.750000               3.000000                7.250000

0.000000                0.000000                -3.752381               1.698413

0.000000                0.000000                0.000000                0.000000

]
=====================

Etapa 2

A = [

4.000000                -1.000000               0.000000                3.000000

0.000000                15.750000               3.000000                7.250000

0.000000                0.000000                -3.752381               1.698413

0.000000                0.000000                0.000000                13.949239

]
=====================

L = [

1.000000                0.000000                0.000000                0.000000

0.250000                1.000000                0.000000                0.000000

0.000000                -0.082540               1.000000                0.000000

3.500000                0.539683                0.964467                1.000000

]
=====================

U = [

4.000000                -1.000000               0.000000                3.000000

0.000000                15.750000               3.000000                7.250000

0.000000                0.000000                -3.752381               1.698413

0.000000                0.000000                0.000000                13.949239

]
=====================

Etapa 3

A = [

4.000000                -1.000000               0.000000                3.000000

0.000000                15.750000               3.000000                7.250000

0.000000                0.000000                -3.752381               1.698413

0.000000                0.000000                0.000000                13.949239

]
=====================

L = [

1.000000                0.000000                0.000000                0.000000

0.250000                1.000000                0.000000                0.000000

0.000000                -0.082540               1.000000                0.000000

3.500000                0.539683                0.964467                1.000000

]
=====================

U = [

4.000000                -1.000000               0.000000                3.000000

0.000000                15.750000               3.000000                7.250000

0.000000                0.000000                -3.752381               1.698413

0.000000                0.000000                0.000000                13.949239

]
=====================

z = [
 [1.0, 0.75, 1.061904761904762, -3.9289340101522843] 
]
x = [
 [0.5251091703056769, 0.2554585152838428, -0.41048034934497823, -0.28165938864628826] 
]

__________________________________________________________________________________________________________

LU con pivoteo parcial

Etapa 0

A = [

14.000000               5.000000                -2.000000               30.000000

0.000000                15.142857               3.142857                5.857143

0.000000                -1.300000               -4.000000               1.100000

0.000000                -2.428571               0.571429                -5.571429

]
=====================

L = [

1.000000                0.000000                0.000000                0.000000

0.071429                1.000000                0.000000                0.000000

0.000000                0.000000                1.000000                0.000000

0.285714                0.000000                0.000000                1.000000

]
=====================

U = [

14.000000               5.000000                -2.000000               30.000000

0.000000                15.142857               3.142857                5.857143

0.000000                0.000000                0.000000                0.000000

0.000000                0.000000                0.000000                0.000000

P = [

0.000000                0.000000                0.000000                1.000000

0.000000                1.000000                0.000000                0.000000

0.000000                0.000000                1.000000                0.000000

1.000000                0.000000                0.000000                0.000000

]
=====================

Etapa 1

A = [

14.000000               5.000000                -2.000000               30.000000

0.000000                15.142857               3.142857                5.857143

0.000000                0.000000                -3.730189               1.602830

0.000000                0.000000                1.075472                -4.632075

]
=====================

L = [

1.000000                0.000000                0.000000                0.000000

0.071429                1.000000                0.000000                0.000000

0.000000                -0.085849               1.000000                0.000000

0.285714                -0.160377               0.000000                1.000000

]
=====================

U = [

14.000000               5.000000                -2.000000               30.000000

0.000000                15.142857               3.142857                5.857143

0.000000                0.000000                -3.730189               1.602830

0.000000                0.000000                0.000000                0.000000

P = [

0.000000                0.000000                0.000000                1.000000

0.000000                1.000000                0.000000                0.000000

0.000000                0.000000                1.000000                0.000000

1.000000                0.000000                0.000000                0.000000

]
=====================

Etapa 2

A = [

14.000000               5.000000                -2.000000               30.000000

0.000000                15.142857               3.142857                5.857143

0.000000                0.000000                -3.730189               1.602830

0.000000                0.000000                0.000000                -4.169954

]
=====================

L = [

1.000000                0.000000                0.000000                0.000000

0.071429                1.000000                0.000000                0.000000

0.000000                -0.085849               1.000000                0.000000

0.285714                -0.160377               -0.288316               1.000000

]
=====================

U = [

14.000000               5.000000                -2.000000               30.000000

0.000000                15.142857               3.142857                5.857143

0.000000                0.000000                -3.730189               1.602830

0.000000                0.000000                0.000000                -4.169954

P = [

0.000000                0.000000                0.000000                1.000000

0.000000                1.000000                0.000000                0.000000

0.000000                0.000000                1.000000                0.000000

1.000000                0.000000                0.000000                0.000000

]
=====================

Etapa 3

A = [

14.000000               5.000000                -2.000000               30.000000

0.000000                15.142857               3.142857                5.857143

0.000000                0.000000                -3.730189               1.602830

0.000000                0.000000                0.000000                -4.169954

]
=====================

L = [

1.000000                0.000000                0.000000                0.000000

0.071429                1.000000                0.000000                0.000000

0.000000                -0.085849               1.000000                0.000000

0.285714                -0.160377               -0.288316               1.000000

]
=====================

U = [

14.000000               5.000000                -2.000000               30.000000

0.000000                15.142857               3.142857                5.857143

0.000000                0.000000                -3.730189               1.602830

0.000000                0.000000                0.000000                -4.169954

P = [

0.000000                0.000000                0.000000                1.000000

0.000000                1.000000                0.000000                0.000000

0.000000                0.000000                1.000000                0.000000

1.000000                0.000000                0.000000                0.000000

]
=====================

z = [
 [1.0, 0.9285714285714286, 1.0797169811320755, 1.1745068285280729] 
]
x = [
 [0.5251091703056769, 0.25545851528384284, -0.41048034934497823, -0.28165938864628826] 
]

__________________________________________________________________________________________________________

Jacobi

T = [

0.000000                0.250000                0.000000                -0.750000

-0.064516               0.000000                -0.193548               -0.516129

0.000000                -0.325000               0.000000                0.275000

-0.466667               -0.166667               0.066667                0.000000

]
=====================

C = [

0.250000                0.064516                -0.250000               0.033333

]
=====================

| iter |      E     |

|  1   |   3.6e-01  | 0.250000 0.064516 -0.250000 0.033333 

|  2   |   1.5e-01  | 0.241129 0.079570 -0.261801 -0.110753 

|  3   |   1.4e-01  | 0.352957 0.156793 -0.306317 -0.109909 

|  4   |   7.5e-02  | 0.371630 0.157759 -0.331183 -0.177933 

|  5   |   6.8e-02  | 0.422890 0.196476 -0.350203 -0.188466 

|  6   |   4.0e-02  | 0.440469 0.202287 -0.365683 -0.220108 

|  7   |   3.4e-02  | 0.465653 0.220480 -0.376273 -0.230312 

|  8   |   2.2e-02  | 0.477854 0.226172 -0.384992 -0.245803 

|  9   |   1.8e-02  | 0.490895 0.235067 -0.391102 -0.253027 

|  10   |   1.3e-02  | 0.498537 0.239137 -0.395979 -0.261002 

|  11   |   1.0e-02  | 0.505536 0.243705 -0.399495 -0.265572 

|  12   |   7.3e-03  | 0.510105 0.246292 -0.402236 -0.269834 

|  13   |   5.7e-03  | 0.513948 0.248727 -0.404249 -0.272580 

|  14   |   4.2e-03  | 0.516617 0.250286 -0.405796 -0.274914 

|  15   |   3.2e-03  | 0.518757 0.251618 -0.406944 -0.276522 

|  16   |   2.4e-03  | 0.520296 0.252532 -0.407819 -0.277819 

|  17   |   1.8e-03  | 0.521498 0.253272 -0.408473 -0.278748 

|  18   |   1.4e-03  | 0.522379 0.253801 -0.408969 -0.279476 

|  19   |   1.0e-03  | 0.523057 0.254215 -0.409341 -0.280008 

|  20   |   7.7e-04  | 0.523560 0.254518 -0.409622 -0.280418 

|  21   |   5.8e-04  | 0.523943 0.254752 -0.409834 -0.280723 

|  22   |   4.4e-04  | 0.524230 0.254925 -0.409993 -0.280954 

|  23   |   3.3e-04  | 0.524447 0.255057 -0.410113 -0.281128 

|  24   |   2.5e-04  | 0.524610 0.255156 -0.410204 -0.281259 

|  25   |   1.9e-04  | 0.524733 0.255231 -0.410272 -0.281358 

|  26   |   1.4e-04  | 0.524826 0.255287 -0.410323 -0.281432 

|  27   |   1.1e-04  | 0.524896 0.255329 -0.410362 -0.281488 

|  28   |   8.0e-05  | 0.524948 0.255361 -0.410391 -0.281530 

|  29   |   6.0e-05  | 0.524988 0.255385 -0.410413 -0.281562 

|  30   |   4.6e-05  | 0.525018 0.255403 -0.410430 -0.281586 

|  31   |   3.4e-05  | 0.525040 0.255417 -0.410442 -0.281604 

|  32   |   2.6e-05  | 0.525057 0.255427 -0.410452 -0.281618 

|  33   |   1.9e-05  | 0.525070 0.255435 -0.410459 -0.281628 

|  34   |   1.5e-05  | 0.525080 0.255441 -0.410464 -0.281636 

|  35   |   1.1e-05  | 0.525087 0.255445 -0.410468 -0.281642 

|  36   |   8.3e-06  | 0.525092 0.255448 -0.410471 -0.281646 

|  37   |   6.3e-06  | 0.525097 0.255451 -0.410473 -0.281649 

|  38   |   4.7e-06  | 0.525100 0.255453 -0.410475 -0.281652 

|  39   |   3.6e-06  | 0.525102 0.255454 -0.410476 -0.281654 

|  40   |   2.7e-06  | 0.525104 0.255455 -0.410477 -0.281655 

|  41   |   2.0e-06  | 0.525105 0.255456 -0.410478 -0.281656 

|  42   |   1.5e-06  | 0.525106 0.255457 -0.410479 -0.281657 

|  43   |   1.1e-06  | 0.525107 0.255457 -0.410479 -0.281658 

|  44   |   8.7e-07  | 0.525107 0.255457 -0.410479 -0.281658 

|  45   |   6.5e-07  | 0.525108 0.255458 -0.410480 -0.281658 

|  46   |   4.9e-07  | 0.525108 0.255458 -0.410480 -0.281659 

|  47   |   3.7e-07  | 0.525108 0.255458 -0.410480 -0.281659 

|  48   |   2.8e-07  | 0.525109 0.255458 -0.410480 -0.281659 

|  49   |   2.1e-07  | 0.525109 0.255458 -0.410480 -0.281659 

|  50   |   1.6e-07  | 0.525109 0.255458 -0.410480 -0.281659 

|  51   |   1.2e-07  | 0.525109 0.255458 -0.410480 -0.281659 

|  52   |   9.0e-08  | 0.525109 0.255458 -0.410480 -0.281659 

x = [
 [0.5251089896961395, 0.2554584057444048, -0.41048024920161835, -0.2816592437030013] 
]
it = [
 52 
]
err = [
 8.997367404010961e-08 
]

__________________________________________________________________________________________________________

Gauss Seidel

T = [

0.000000                0.250000                0.000000                -0.750000

0.000000                -0.016129               -0.193548               -0.467742

0.000000                0.005242                0.062903                0.427016

0.000000                -0.113629               0.036452                0.456425

]
=====================

C = [

0.250000                0.048387                -0.265726               -0.109113

]
=====================

| iter |      E     |

|  1   |   3.8e-01  | 0.250000 0.048387 -0.265726 -0.109113 

|  2   |   1.7e-01  | 0.343931 0.150074 -0.328780 -0.174099 

|  3   |   1.0e-01  | 0.418093 0.191035 -0.359964 -0.217613 

|  4   |   6.0e-02  | 0.460969 0.216763 -0.380292 -0.243265 

|  5   |   3.6e-02  | 0.486640 0.232281 -0.392389 -0.258638 

|  6   |   2.1e-02  | 0.502049 0.241563 -0.399633 -0.267859 

|  7   |   1.3e-02  | 0.511285 0.247128 -0.403978 -0.273386 

|  8   |   7.7e-03  | 0.516822 0.250465 -0.406582 -0.276700 

|  9   |   4.6e-03  | 0.520141 0.252465 -0.408143 -0.278686 

|  10   |   2.8e-03  | 0.522131 0.253664 -0.409079 -0.279877 

|  11   |   1.7e-03  | 0.523324 0.254383 -0.409640 -0.280591 

|  12   |   1.0e-03  | 0.524039 0.254814 -0.409977 -0.281019 

|  13   |   6.0e-04  | 0.524467 0.255072 -0.410179 -0.281275 

|  14   |   3.6e-04  | 0.524724 0.255227 -0.410299 -0.281429 

|  15   |   2.1e-04  | 0.524879 0.255320 -0.410372 -0.281521 

|  16   |   1.3e-04  | 0.524971 0.255375 -0.410415 -0.281577 

|  17   |   7.7e-05  | 0.525026 0.255409 -0.410441 -0.281610 

|  18   |   4.6e-05  | 0.525059 0.255429 -0.410457 -0.281630 

|  19   |   2.8e-05  | 0.525079 0.255441 -0.410466 -0.281642 

|  20   |   1.7e-05  | 0.525091 0.255448 -0.410472 -0.281649 

|  21   |   1.0e-05  | 0.525098 0.255452 -0.410475 -0.281653 

|  22   |   6.0e-06  | 0.525103 0.255455 -0.410477 -0.281656 

|  23   |   3.6e-06  | 0.525105 0.255456 -0.410479 -0.281657 

|  24   |   2.1e-06  | 0.525107 0.255457 -0.410479 -0.281658 

|  25   |   1.3e-06  | 0.525108 0.255458 -0.410480 -0.281659 

|  26   |   7.7e-07  | 0.525108 0.255458 -0.410480 -0.281659 

|  27   |   4.6e-07  | 0.525109 0.255458 -0.410480 -0.281659 

|  28   |   2.8e-07  | 0.525109 0.255458 -0.410480 -0.281659 

|  29   |   1.7e-07  | 0.525109 0.255458 -0.410480 -0.281659 

|  30   |   1.0e-07  | 0.525109 0.255458 -0.410480 -0.281659 

x = [
 [0.5251090632546336, 0.2554584507765051, -0.4104802989917548, -0.2816593245810302] 
]
it = [
 30 
]
err = [
 9.96798326917106e-08 
]

__________________________________________________________________________________________________________

SOR relajacion

T = [

-0.500000               0.375000                0.000000                -1.125000

0.048387                -0.536290               -0.290323               -0.665323

-0.023589               0.261442                -0.358468               0.736845

0.335544                -0.102283               0.036734                0.527515

]
=====================

C = [

0.375000                0.060484                -0.404486               -0.268070

]
=====================

| iter |      E     |

|  1   |   6.2e-01  | 0.375000 0.060484 -0.404486 -0.268070 

|  2   |   3.2e-01  | 0.511760 0.341976 -0.450049 -0.304696 

|  3   |   1.5e-01  | 0.590144 0.235228 -0.390336 -0.308594 

|  4   |   1.1e-01  | 0.515306 0.281526 -0.444371 -0.271236 

|  5   |   7.4e-02  | 0.528060 0.243909 -0.383605 -0.283362 

|  6   |   4.3e-02  | 0.521218 0.255125 -0.424458 -0.279399 

|  7   |   2.1e-02  | 0.524387 0.258003 -0.403799 -0.282252 

|  8   |   1.1e-02  | 0.527091 0.252514 -0.412630 -0.282229 

|  9   |   6.9e-03  | 0.523655 0.258137 -0.410946 -0.281073 

|  10   |   5.5e-03  | 0.526181 0.253697 -0.409146 -0.282129 

|  11   |   4.2e-03  | 0.524441 0.256380 -0.411790 -0.281318 

|  12   |   2.8e-03  | 0.525405 0.255085 -0.409503 -0.281846 

|  13   |   1.7e-03  | 0.525031 0.255513 -0.411073 -0.281584 

|  14   |   8.8e-04  | 0.525084 0.255547 -0.410197 -0.281673 

|  15   |   4.4e-04  | 0.525171 0.255337 -0.410569 -0.281674 

|  16   |   2.7e-04  | 0.525049 0.255562 -0.410493 -0.281637 

|  17   |   2.2e-04  | 0.525153 0.255389 -0.410431 -0.281679 

|  18   |   1.7e-04  | 0.525083 0.255497 -0.410532 -0.281646 

|  19   |   1.1e-04  | 0.525122 0.255443 -0.410441 -0.281667 

|  20   |   6.8e-05  | 0.525106 0.255461 -0.410504 -0.281656 

|  21   |   3.6e-05  | 0.525108 0.255462 -0.410469 -0.281660 

|  22   |   1.8e-05  | 0.525111 0.255454 -0.410484 -0.281660 

|  23   |   1.1e-05  | 0.525107 0.255463 -0.410481 -0.281659 

|  24   |   8.4e-06  | 0.525111 0.255456 -0.410479 -0.281660 

|  25   |   6.6e-06  | 0.525108 0.255460 -0.410482 -0.281659 

|  26   |   4.5e-06  | 0.525110 0.255458 -0.410479 -0.281660 

|  27   |   2.7e-06  | 0.525109 0.255459 -0.410481 -0.281659 

|  28   |   1.5e-06  | 0.525109 0.255459 -0.410480 -0.281659 

|  29   |   7.2e-07  | 0.525109 0.255458 -0.410481 -0.281659 

|  30   |   4.2e-07  | 0.525109 0.255459 -0.410480 -0.281659 

|  31   |   3.3e-07  | 0.525109 0.255458 -0.410480 -0.281659 

|  32   |   2.6e-07  | 0.525109 0.255459 -0.410480 -0.281659 

|  33   |   1.8e-07  | 0.525109 0.255458 -0.410480 -0.281659 

|  34   |   1.1e-07  | 0.525109 0.255459 -0.410480 -0.281659 

|  35   |   5.9e-08  | 0.525109 0.255459 -0.410480 -0.281659 

x = [
 [0.5251091698894261, 0.2554585190301649, -0.41048032948334456, -0.2816593901105755] 
]
it = [
 35 
]
err = [
 5.945865347877543e-08 
]

__________________________________________________________________________________________________________

Vandermonde

Matriz de vandermonde

-1.000000               1.000000                -1.000000               1.000000

0.000000                0.000000                0.000000                1.000000

27.000000               9.000000                3.000000                1.000000

64.000000               16.000000               4.000000                1.000000


=====================

A = [

64.000000               16.000000               4.000000                1.000000                1.000000

0.000000                0.000000                0.000000                1.000000                3.000000

-1.000000               1.000000                -1.000000               1.000000                15.500000

27.000000               9.000000                3.000000                1.000000                8.000000

]
=====================

A = [

64.000000               16.000000               4.000000                1.000000                1.000000

0.000000                0.000000                0.000000                1.000000                3.000000

0.000000                1.250000                -0.937500               1.015625                15.515625

27.000000               9.000000                3.000000                1.000000                8.000000

]
=====================

A = [

64.000000               16.000000               4.000000                1.000000                1.000000

0.000000                0.000000                0.000000                1.000000                3.000000

0.000000                1.250000                -0.937500               1.015625                15.515625

0.000000                2.250000                1.312500                0.578125                7.578125

]
=====================

A = [

64.000000               16.000000               4.000000                1.000000                1.000000

0.000000                2.250000                1.312500                0.578125                7.578125

0.000000                0.000000                0.000000                1.000000                3.000000

0.000000                1.250000                -0.937500               1.015625                15.515625

]
=====================

A = [

64.000000               16.000000               4.000000                1.000000                1.000000

0.000000                2.250000                1.312500                0.578125                7.578125

0.000000                0.000000                0.000000                1.000000                3.000000

0.000000                0.000000                -1.666667               0.694444                11.305556

]
=====================

A = [

64.000000               16.000000               4.000000                1.000000                1.000000

0.000000                2.250000                1.312500                0.578125                7.578125

0.000000                0.000000                -1.666667               0.694444                11.305556

0.000000                0.000000                0.000000                1.000000                3.000000

]
=====================

x = [
 [-1.1416666666666666, 5.824999999999999, -5.533333333333332, 3.0] 
]

Polinomio

-1.141667x^4 + 5.825000x^3 -5.533333x^2 + 3.000000x^1 

__________________________________________________________________________________________________________

Diferencias Divididas

Y                       dif(1)                  dif(2)                  dif(3)

15.500000               0.000000                0.000000                0.000000

3.000000                -12.500000              0.000000                0.000000

8.000000                1.666667                3.541667                0.000000

1.000000                -7.000000               -2.166667               -1.141667

]
=====================

x = [
 [15.5, -12.5, 3.5416666666666665, -1.1416666666666666] 
]

Polinomio

15.500000  -12.500000(x-0) + 3.541667(x-3)(x-3) -1.141667(x-4)(x-4)(x-4)

__________________________________________________________________________________________________________

Trazadores lineales

x = [
 [-12.5, 3.0, 1.6666666666666667, 3.0, -7.0, 29.0] 
]
Trazadores:
-12.500000x + 3.000000
1.666667x + 3.000000
-7.000000x + 29.000000

__________________________________________________________________________________________________________

Trazadores cuadrados

x = [
 [0.0, -12.500000000000007, 2.999999999999994, 4.722222222222225, -12.500000000000007, 2.999999999999994, -22.833333333333343, 152.8333333333334, -245.0000000000001] 
]
Trazadores:
0.000000x^2 + -12.500000x + 3.000000
4.722222x^2 + -12.500000x + 3.000000
-22.833333x^2 + 152.833333x + -245.000000
__________________________________________________________________________________________________________

Trazadores cubicos

x = [
 [2.533333333333333, 7.6, -7.4333333333333345, 3.0, -1.5222222222222213, 7.6, -7.4333333333333345, 3.0, 2.033333333333334, -24.400000000000006, 88.56666666666668, -93.00000000000001] 
]
Trazadores:
2.533333x^3 + 7.600000x^2 + -7.433333x + 3.000000
-1.522222x^3 + 7.600000x^2 + -7.433333x + 3.000000
2.033333x^3 + -24.400000x^2 + 88.566667x + -93.000000

__________________________________________________________________________________________________________